257,1
257,3
278,45
278,44
278,43
278,42
278,41
278,40
278,39
278,38
278,37
278,36
258,1
258,3
259,9
259,8
259,7
259,6
259,5
259,4
259,1
259,10
259,3
278,35
10,223
10,30
10,27
10,87
10,255
10,296
10,3
11,11
11,16
11,7
11,28
11,26
11,25
11,15
11,2
11,3
9,5
8,16
8,9
8,5
8,12
8,6
8,2
8,3
12,2
12,1
12,3
20,2
20,1
20,3
19,2
19,1
19,3
18,1
18,3
14,1
14,3
13,1
13,3
2,2
2,1
2,3
275,3
275,2
275,1
275,0
274,3
274,2
274,1
274,0
273,5
273,4
273,3
273,2
273,1
273,0
272,3
272,2
272,1
272,0
271,3
271,2
271,1
271,0
270,3
270,2
270,1
270,0
269,3
269,2
269,1
269,0
268,3
268,2
268,1
268,0
267,3
267,2
267,1
267,0
266,3
266,2
266,1
266,0
265,3
265,2
265,1
265,0
264,4
264,3
264,2
264,1
264,0
263,3
263,2
263,1
263,0
262,3
262,2
262,1
262,0
261,5
261,4
261,3
